cont = [
    8 5 0 5 0 5; 
    7 2 12 5 7 8; 
    8 1 11 0 10 0; 
    2 10 5 4 13 7; 
    15 0 8 7 10 0; 
    5 5 3 12 8 6; 
    13 3 5 8 10 7; 
    1 2 1 1 2 1; 
    3 2 1 1 1 2; 
    0 1 1 3 2 0
]


b = [4800 4800 4800 4800 4800 4800 4800 850 920 585]
   
matieres = [
    1 2 1 1 2 1; 
    3 2 1 1 1 2; 
    0 1 1 3 2 0
]

quantMaxMatiere = [
    850 920 585
]

prixVenteFini = [
    30 27 26 30 35 20
]

prixAchatMatiere = [
    2 4 1
]

coutHoraireMachine = [
    1 3 1 3 2 3 1
]

tempsUsinage = transpose([
    8 5 0 5 0 5; 
    7 2 12 5 7 8; 
    8 1 11 0 10 0; 
    2 10 5 4 13 7; 
    15 0 8 7 10 0; 
    5 5 3 12 8 6; 
    13 3 5 8 10 7
])